$ANSIBLE_VAULT;1.1;AES256
66306335633064613239343165303763383161653062626135316330626332336265343236346236
6139373138353630626232326561613735373831386631630a323330306335636533373137333665
62313632646135663139353337386237353238383964316432343832393339303835373030653230
3531383064616236330a386139343539366664323763653666633461383161316131633133363165
37656539333363333232626532376433336261383630636336393964313761363866396464383635
35336261653033386266326135366637623863363038613034316564643537373533373466623566
65366539323666343561373437373039613361373530356262386334393966303865366536633638
37363932343334393764323832376161653763373931393539663966653438653538373939633839
30626262393236376365613564613635343037346339333635306464393262626338386637353131
39313836373937326533636261306138643537396436653137323261633234626662613164343738
66333936386431323366636531333264333237396335363462626633646535333661663765356533
35626635626537643737633262303233613836326366623439376265353166623634303434653831
65613531643038313833656363653866316137316332646463353534633937643834663038306334
34666631313563363962613866643438353165363631303430373235353237393966353862616538
38356239636139316363633465376633656563376362366133313066636364323765356131323936
31346262393230636365
